austria.trk
5.85 .15 .25 .15 .8 .3 35 .5 1 0 12
1005.945302 2266.422352 -435.358872
1607.717325 -2205.078018 -4884.952293
2459.287149 5655.699011 3014.683174
3553.241714 2671.202857 -156.411393
9012.125496 -3125.478931 7724.349465
2211.228876 906.917642 -170.102149
2829.782644 1082.189705 -808.782616
2172.975782 2033.5529 330.243415
1949.27969 1992.097032 373.1978
874.149269 1624.780261 -755.23936
597.331417 594.156767 -495.432209
470.066204 493.304075 -371.881116

barcelon.trk
5.85 .15 .25 .15 .8 .3 35 .5 1 0 18
3327.083297 1208.817393 -436.861436
4220.303743 1041.015307 453.834294
3555.448261 511.669548 -370.5
3462.251716 925.627237 -786.361436
2653.167513 771.930627 -232.4375
2708.855013 665.618127 -348.625
2637.980013 384.118127 -636.9375
3389.316984 808.59892 215.043328
2907.695984 1082.218908 500.175463
1836.470231 2057.448073 -942.907795
1904.524644 1611.690098 -515.903119
2670.391832 2303.670566 -1533.004682
648.859999 2467.138276 213.664937
761.359999 2437.888276 323.164937
550.006052 1958.164592 -176.75
530.006052 2020.164592 -238.75
771.504921 2401.104068 -680.989585
701.988065 2463.986961 -596.489585



brazil.trk
5.85 .15 .25 .15 .8 .3 35 .5 1 0 18
2705.974039 184.930269 168.305269
3003.047203 470.555907 -238.907736
2837.440912 1005.900331 298.961564
2778.440912 979.900331 358.961564
772.375448 1899.312674 182.112329
1138.713816 1988.520751 555.56801
1764.944797 722.736691 -375.838289
1769.327721 426.549312 -226.853976
1783.710534 459.385249 -262.111788
1359.926678 567.441088 153.828317
1353.176678 526.941088 190.703317
632.43046 885.21582 -606.466754
610.245435 352.639716 -79.715243
821.120435 262.514716 -306.215243
571.439384 866.295781 313.19435
294.657479 1146.410961 209.340763
780.023815 824.253603 737.826307
1080.148815 1478.003603 1439.701307

imola.trk
5.85 .15 .25 .15 .8 .3 35 .5 1 0 22
2787.124603 4069.400092 3279.400092
3964.975748 1649.060839 620.911159
4955.296845 957.866963 -577.839809
4320.884595 1925.861114 564.543245
4404.664317 2828.600465 645.093202
5513.740184 3252.947948 -529.393452
5379.022717 4003.111864 58.597928
5344.022717 3925.518114 142.191678
5324.835217 3814.924364 253.785428
4103.489466 5720.026342 -1967.274983
3619.374853 3548.650486 241.345289
4682.267798 3417.683705 1252.560139
3394.712785 2440.53491 -301.746059
3023.027323 1769.201553 429.306106
1701.77551 2552.948914 -605.209113
1598.792202 1342.634566 600.898994
1677.038364 904.43676 989.477892
-453.291386 1611.134347 -1224.477892
339.630035 363.619453 240.283159
1339.523455 -419.462701 -1011.697323
1362.349946 1238.393979 639.908536
2116.543527 157.180574 -666.416482


qual_silverst.trk
5.85 .15 .25 .15 .8 .3 35 .5 1 0 20
5055.69013 1069.060567 -603.306722
4238.13748 -682.389073 1217.648287
3576.80226 1121.956042 -692.87158
2990.520211 -16.112013 570.911552
2651.105984 1014.389264 -504.304442
1270.262553 80.036946 1153.944862
387.725685 2342.680652 -292.529261
327.080698 3270.059542 629.453404
3617.358704 -206.466188 -4143.089811
1150.636183 3424.397003 239.461386
1603.565179 3637.5757 -257.061779
1589.565179 3522.5757 -371.061779
3075.868413 3911.911649 993.289525
3573.414486 2317.389587 -635.047387
4490.749604 2390.487086 256.823802
4635.27221 2484.3376 207.20528
4769.729999 2914.086805 -224.23498
4806.854999 2816.211805 -325.23498
4800.104999 2563.086805 -578.10998
4545.765719 2122.556164 -1037.179945


silverst.trk
5.85 .15 .25 .15 .8 .3 35 .5 1 0 21
5055.69013 1069.060567 -603.306722
3936.590605 -643.760167 1115.132662
3528.80226 1091.956042 -654.87158
2961.520211 -8.112013 570.911552
2613.105984 954.389264 -439.304442
1270.262553 80.036946 1153.944862
352.288185 2367.993152 -252.029261
308.893198 3261.934542 629.453404
3617.358704 -206.466188 -4143.089811
1212.636183 3447.397003 191.461386
1579.565179 3659.5757 -224.061779
1598.565179 3648.5757 -244.061779
1601.565179 3566.5757 -324.061779
3075.868413 3908.911649 992.289525
3573.414486 2317.389587 -635.047387
4490.749604 2390.487086 256.823802
4635.27221 2484.3376 207.20528
4769.729999 2914.086805 -224.23498
4806.854999 2816.211805 -325.23498
4800.104999 2563.086805 -578.10998
4545.765719 2122.556164 -1037.179945

spa.trk
5.85 .15 .25 .15 .8 .3 35 .5 1 0 27
6638.839502 447.849658 -57.775342
7825.038756 -4491.03209 4961.467861
5499.05939 2296.880542 -2189.126164
4725.882981 -782.8706 963.539372
4347.355969 706.330227 -555.561263
3518.408336 -507.16528 893.5837
3956.935988 4280.273399 -3891.235798
-3129.532154 -6547.963229 9043.627156
624.163396 2019.959355 -296.247786
3.518409 2094.634466 300.73314
363.099545 2589.258334 -293.665949
338.391822 3276.202624 -202.7493
1035.203346 3054.563491 513.666699
1948.672858 2440.128362 566.414529
1366.203814 2466.202096 1083.273354
2310.494953 3659.696044 -370.540229
2119.547345 4273.366465 253.925415
2634.067056 4568.746827 -327.388081
2687.025959 4538.622493 -388.315257
1724.463874 3937.063614 -1451.165482
4893.954475 2947.379568 1849.190905
3994.225309 2787.572668 1000.904204
1223.358842 -3737.411692 -6074.531164
4929.109913 1898.04423 645.753767
4965.115021 903.160239 -344.2416
5576.975327 825.670404 263.316229
6397.909532 4839.97869 4294.968294

qual_brands.trk
5.85 .15 .25 .15 .8 .3 35 .5 1 0 14
1249.506013 1974.298461 -77.701539
1203.006013 2028.923461 -148.576539
1077.213016 1450.543572 438.733983
1153.213016 1390.543572 534.733983
1247.713016 982.304558 463.991307
1181.041141 831.16076 299.366796
1143.434152 896.964554 372.05575
3729.107568 741.675207 -2207.070311
2498.091764 1875.766367 -671.375566
2736.596598 1800.30566 -641.488204
2717.488798 1816.441178 -663.297354
2194.940318 973.697662 312.253225
1196.243415 691.309714 -613.315572
706.600212 1483.744997 -618.279502


brands.trk
5.85 .15 .25 .15 .8 .3 35 .5 0 0 10
1249.506013 1974.298461 -77.701539
1099.994266 1419.168572 476.702733
1202.402902 851.402054 306.05575
3729.107568 741.675207 -2207.070311
2498.091764 1875.766367 -671.375566
2736.596598 1800.30566 -641.488204
2670.488798 1745.441178 -583.668448
2192.159068 973.885162 309.471975
1196.243415 691.309714 -613.315572
706.600212 1483.744997 -618.279502


qual_monaco.trk
5.85 .15 .25 .15 .8 .3 35 .5 0 0 18
692.253794 1164.984345 -439.735389
576.877451 -829.146148 -2416.046576
1682.0258 1673.759199 268.279502
2301.279563 1748.482223 -347.963905
2515.339449 2203.040874 -30.933216
2597.700489 1958.640814 17.414312
2787.694558 1980.893627 -137.290368
1944.944076 2162.674752 -942.163373
1408.3915 1192.595487 155.790368
1120.782032 1408.994042 -191.598186
627.038013 842.299684 546.413291
749.605781 1121.368557 247.831103
-91.72384 1020.638529 -589.48876
689.364429 495.620188 346.244105
466.72906 120.292941 -34.905307
302.335004 247.945878 -186.502496
-463.958175 472.582804 606.112733
1652.877934 656.249743 -1508.734999

monaco.trk
5.85 .15 .25 .15 .8 .3 35 .5 0 0 18
628.800669 1245.578095 -342.360389
1742.617075 5397.279877 3905.531213
1696.0258 1658.759199 254.279502
2302.279563 1769.482223 -347.963905
2516.339449 2203.040874 -30.933216
2597.700489 1957.640814 17.414312
2788.694558 1986.893627 -133.290368
1927.944076 2151.674752 -942.163373
1338.3915 1216.845487 102.290368
1156.032032 1314.837792 -92.816936
662.538013 580.299684 760.913291
748.605781 1120.368557 247.831103
7.27616 967.638529 -480.48876
629.364429 483.620188 293.244105
468.72906 117.292941 -34.905307
213.022504 242.945878 -107.252496
-310.083175 537.770304 484.612733
2010.53809 582.584704 -1819.395155

628.800669 1245.578095 -342.360389
576.877451 -829.146148 -2416.046576
1696.0258 1658.759199 254.279502
2302.279563 1769.482223 -347.963905
2516.339449 2203.040874 -30.933216
2597.700489 1957.640814 17.414312
2788.694558 1986.893627 -133.290368
1944.944076 2162.674752 -942.163373
1407.3915 1194.595487 155.790368
1120.782032 1408.994042 -191.598186
627.038013 842.299684 546.413291
748.605781 1120.368557 247.831103
7.27616 967.638529 -480.48876
629.364429 483.620188 293.244105
468.72906 117.292941 -34.905307
254.022504 246.945878 -141.252496
-346.083175 443.770304 484.612733
2010.53809 582.584704 -1819.395155


628.800669 1245.578095 -342.360389
1742.617075 5397.279877 3905.531213
1696.0258 1658.759199 254.279502
2302.279563 1769.482223 -347.963905
2516.339449 2203.040874 -30.933216
2597.700489 1957.640814 17.414312
2788.694558 1986.893627 -133.290368
1927.944076 2151.674752 -942.163373
1338.3915 1216.845487 102.290368
1156.032032 1314.837792 -92.816936
662.538013 580.299684 760.913291
748.605781 1120.368557 247.831103
7.27616 967.638529 -480.48876
629.364429 483.620188 293.244105
468.72906 117.292941 -34.905307
213.022504 242.945878 -107.252496
-310.083175 537.770304 484.612733
2010.53809 582.584704 -1819.395155

albrtprk.trk
5.85 .15 .25 .15 .8 .3 35 .5 0 0 18
2463.001915 1507.57628 -699.871021
1245.577904 903.335032 650.811021
1208.732478 3061.636202 -1407.047319
333.088634 2170.022893 -231.035542
19.424071 2680.076991 336.533603
760.286645 3300.136874 -616.540982
989.705671 3884.055263 -466.165519
1218.564351 5203.211322 861.199584
1696.876319 3820.817834 -586.842761
1652.152532 3317.842973 -850.455457
3533.635883 2983.708983 1047.746059
3683.707356 2755.97771 1021.632454
4488.458433 815.92977 -1057.612202
4213.830754 -206.736418 -2055.5
5535.803618 848.534468 -438.998019
5349.361725 571.644278 -387.936028
4851.439191 324.750915 122.23598
4370.093026 418.59857 -331.415194

qual_albrtprk.trk
5.85 .15 .25 .15 .8 .3 35 .5 0 0 17
2562.189415 1492.38878 -760.621021
1212.202904 857.772532 706.498521
1208.732478 3061.636202 -1407.047319
333.088634 2170.022893 -231.035542
19.424071 2680.076991 336.533603
760.286645 3300.136874 -616.540982
989.705671 3884.055263 -466.165519
1218.564351 5203.211322 861.199584
1696.876319 3820.817834 -586.842761
1343.402532 3338.030473 -1149.142957
3704.760883 2983.708983 1219.246059
3674.707356 2848.22771 1116.132454
4506.458433 588.67977 -1284.862202
5447.803618 823.534468 -522.998019
5377.447662 685.159903 -490.451653
4851.439191 324.750915 122.23598
4370.093026 418.59857 -331.415194

albert.trk
5.85 .15 .25 .15 .8 .3 35 .5 0 0 19
2325.200217 1310.342658 -402.52464
1414.151372 1111.063308 511.107395
2916.65894 5711.095864 -4314.940726
359.808738 2394.434605 -204.751927
151.578449 2813.595584 247.089471
591.92066 3467.241366 -480.784358
1066.649728 4134.428158 -373.055826
1202.89625 5803.014266 1288.910536
1618.496987 3614.184574 -909.385581
2460.332506 3551.331832 -260.403433
3107.433303 3159.937873 484.872347
3948.468733 3204.406615 1256.325598
3866.521412 2489.70211 611.961421
4469.893621 1422.726954 -592.221421
4271.583834 258.173634 -1731.166257
5761.342511 684.78272 -303.047843
5447.410901 661.41736 -508.317395
4833.406465 304.847068 134.190997
4348.00748 454.072318 -357.831604


silverst.trk
5.85 .15 .25 .15 .8 .3 35 .5 0 0 18
5116.020208 1015.173848 -520.976644
4171.192168 -813.70548 1320.163912
3540.880385 981.948229 -544.824705
2995.692086 -35.283888 587.99749
2650.230984 961.139264 -450.679442
1288.262553 55.036946 1153.944862
381.288185 2362.993152 -277.029261
343.893198 3195.934542 551.453404
3617.358704 -206.466188 -4143.089811
1195.636183 3413.397003 191.461386
1610.565179 3630.5757 -266.061779
3082.618413 3805.286649 894.414525
3662.414486 2437.389587 -484.047387
4497.749604 2341.487086 208.823802
4635.27221 2484.3376 207.20528
4743.729999 2907.086805 -199.23498
4839.301034 2861.743026 -297.533509
4508.765719 2165.556164 -1037.179945


magnycrs.trk
5.85 .15 .25 .15 .8 .3 35 .5 0 0 19
1694.54964 2487.235267 733.774531
2673.077178 1870.139875 -388.982524
2659.894978 1920.569827 -340.192733
1453.373625 2304.269478 -1557.370436
539.217127 2837.579251 -2566.118056
352.195269 89.241542 -14.044354
1595.170607 -810.84853 -1537.337861
287.051019 2346.091216 1863.301044
2179.525785 626.533882 -635.252443
1999.484459 1833.659513 570.261573
2467.491238 1740.847231 100.4877
1910.365739 1966.798442 -492.973755
2904.226844 -743.338289 2359.964228
669.540442 1360.984176 -645.279749
789.701583 229.076135 473.08419
244.691446 561.005704 -147.498895
852.841585 1304.246708 -585.674779
174.269536 1863.177174 270.243878
557.022935 1956.553278 -102.621532

hock.trk
5.85 .15 .25 .15 .8 .3 35 .5 0 0 19
1439.606622 4901.079848 -762.585367
2902.491489 719.919436 -4503.373434
5299.103496 3756.591964 -664.3805
6457.019347 4174.685579 545.997369
5892.94454 2390.512414 -1306.853707
4725.145145 1255.512434 -2896.323339
7369.994951 991.47343 -324.858611
7804.060118 560.354987 278.234905
7219.319827 433.977798 -311.886028
7021.760907 711.439982 -650.936507
6847.448896 3050.611613 -2422.779036
3692.632694 1823.59907 566.87488
3500.975081 2699.467807 -312.405995
2217.66365 1726.898872 1287.104069
1356.903328 4182.670545 -507.397689
872.839305 4635.151937 89.096641
1116.561536 4397.683419 410.455825
277.922584 4445.234627 -409.797114
385.860493 4316.849338 -256.032273

monza-76.trk
5.85 .15 .25 .15 .8 .3 35 .5 0 0 15
-2531.822636 -20085.786707 -25429.452548
4767.968933 5442.122542 1114.625052
4762.166344 3438.763276 -872.800514
5529.507543 5122.360093 961.727072
5335.866918 2968.531968 -1182.491678
7223.052548 1909.583835 815.232793
5528.422803 794.485506 -1193.070464
6243.022385 637.378277 -533.74393
6095.802792 937.593103 -819.002196
1543.861239 -184.117519 3862.163551
3250.229571 2524.659782 1023.722795
4105.763336 4726.702836 -1328.16938
2390.532609 2229.526449 1692.669892
402.769184 4716.819632 -304.734289
866.077006 3925.144252 -1222.015077



buenos.trk
5.85 .15 .25 .15 .8 .3 35 .5 0 0 20
2830.75233 1349.106514 -242.448255
2633.137501 1851.377188 -756.14888
1858.233483 952.405784 367.935839
1843.108483 1227.530784 93.310839
1928.108483 1186.530784 186.310839
2345.706194 1160.07585 443.588402
2946.014188 224.607649 -656.318802
2994.786728 663.684135 -228.395003
2883.786728 696.684135 -342.395003
1743.714113 854.533 -768.641014
1018.428124 991.266678 -107.505514
719.589865 413.666056 -665.261215
1662.519887 706.490327 314.107536
1705.531968 622.777917 237.926336
1226.019395 1231.252661 166.481883
916.787268 1387.997517 -171.56192
1295.80803 2013.61347 -860.364571
333.996725 2307.385445 -154.567236
353.996725 2203.385445 -259.567236
1650.419926 3419.244891 1504.166924

montreal.trk
5.85 .15 .25 .15 .8 .3 35 .5 0 0 18
3801.027516 -185.59314 -1746.816926
5546.635423 955.293313 312.200383
5523.445716 497.591452 -115.4002
4919.324427 733.342844 -634.889222
4126.861549 -415.784415 731.186253
3969.247968 1182.99496 -837.588188
3068.542455 337.256001 379.608269
2745.735399 1141.411652 -462.268969
8204.209917 6564.783194 -8145.360047
2139.608417 2248.41397 -767.757411
469.496639 2482.724795 901.714859
-1026.352095 1747.735176 2449.483304
200.831244 4009.957092 -17.949985
-65.196538 781.570601 -3138.298273
3365.665016 4688.050767 2034.993809
1297.529412 72.74821 -2997.163708
2319.525075 1316.811418 -1487.954785
4632.116209 2580.698459 1124.262892


