4513.35910653715 2581.9368821687 438.914573570477 321.549138146869 -0.110960106091772 -2.39603123720785 1.71751033643432
4542.78114898422 3198.54465089778 354.17490939152 259.468798089026 -3.74853914640031 -1.2482493290944 2.71851456723778
4631.1971318634 3615.71333575723 195.786780846063 143.433539081365 -1.32679489661669e-06 -3.13461711152747 3.13461711870706
4710.09172867153 2889.09152083335 894.93289072032 655.628491370198 2.2534146341426 -0.987615211551296 0.895858237962665
3569.7147978245 3083.91572043948 510.949989429839 374.322336578637 -1.55484204288469 -1.59675317369615 2.07047310305021
3762.22000259354 2955.93887609475 583.626048438297 427.564870650767 -3.37133227725963 -0.952244028317573 1.22768564470264
3028.41813834926 3394.85573710933 350.441743134775 265.072762649282 0.339651304064478 -1.77026863928095 3.14159265358979
3201.0633295187 3060.65121597585 620.314638176063 454.442958370742 1.9675444935176 -0.614407297595075 1.34756479857744
2389.44761489112 3012.32393966355 447.272471255623 327.672140114009 -1.70051698038469 -2.36545831461929 2.36545832179888
1772.65132867976 3265.32139900363 445.376837221039 326.28339723153 1.1103774310176 -1.63214241508943 0.619192259173488
1925.11985005376 3131.30427057104 567.113972514329 415.468111732109 1.8666017122676 -0.446834565377078 1.50229932974368
1119.21501229829 3096.61475561806 516.189238320041 378.160614153876 -1.56736316788469 -1.57739181035224 2.09520700269653
1307.9953706326 2962.73401368806 583.626048438297 427.564870650767 -3.37465027725968 -0.952244028317535 1.22768564470285
575.653869115178 3404.08320877796 350.441743134775 265.072762649282 0.336333304064478 -1.77026863928096 3.14159265358979
742.283363567047 2939.6276250677 740.704467996725 542.640635895037 1.8721877122676 -0.461993842288243 1.55934049373938
879.35261553919 2990.71109991386 862.375779100273 631.777127545987 3.7983941966426 -1.3996032179746 1.39256010922466
